final_x=1600.000000
final_y=-12540925.440009
final_vx=1.000000
final_vy=-15678.000000
ticks=100000
