final_x=7.000000
final_y=-5.500000
final_vx=4.000000
final_vy=-10.000000
ticks=3
