final_x=1.250000
final_y=-2.500000
final_vx=3.750000
final_vy=-4.250000
ticks=0
