final_x=8.333333
final_y=-3.747222
final_vx=5.000000
final_vy=-16.333333
ticks=100
