final_x=8333.333333
final_y=-13611237.222225
final_vx=5.000000
final_vy=-16333.333333
ticks=100000
