final_x=0.000000
final_y=10.000000
final_vx=5.000000
final_vy=0.000000
ticks=0
