final_x=1000.000000
final_y=-47000.490000
final_vx=10.000000
final_vy=-960.000000
ticks=100000
