final_x=3.140000
final_y=2.710000
final_vx=1.000000
final_vy=-2.000000
ticks=0
