hero=5.000000,0.000000
idle=-3.500000,4.250000
